0 	 -104666.5000000000 823149.6250000000 1574109.0000000000 	 -697.7697753906 5487.6645507812 10494.0498046875 	 0.0000000000 -0.0000000000 -0.0000000000 
1 	 9077.6738281250 51460.3437500000 85788.8437500000 	 60.5187988281 343.0726928711 571.9291992188 	 0.0000000000 0.0000000000 0.0000000000 
2 	 -122434.8437500000 32539.4003906250 1134.2050781250 	 -816.2335205078 216.9244995117 7.5640144348 	 0.0000000000 0.0000000000 0.0000000000 
3 	 234919.3750000000 -722571.2500000000 -1647762.7500000000 	 1566.1359863281 -4817.1435546875 -10985.0957031250 	 -0.0000000000 0.0000000000 0.0000000000 
4 	 167288.8281250000 -123099.9921875000 105821.1015625000 	 1115.2620849609 -820.6622314453 705.4795532227 	 -0.0000000000 0.0000000000 -0.0000000000 
5 	 -419350.4375000000 114596.0234375000 211705.9843750000 	 -2795.6765136719 763.9785766602 1411.3720703125 	 0.0000000000 -0.0000000000 -0.0000000000 
6 	 -1209437.3750000000 109869.2968750000 -469846.7187500000 	 -8062.9169921875 732.4594726562 -3132.3203125000 	 0.0000000000 0.0000000000 0.0000000000 
7 	 -51649.6601562500 2341.6218261719 105345.5468750000 	 -344.3269653320 15.6114120483 702.3038330078 	 0.0000000000 0.0000000000 -0.0000000000 
8 	 15421002.0000000000 20767324.0000000000 -8625509.0000000000 	 102806.7500000000 138448.8125000000 -57503.4257812500 	 -0.0000000000 -0.0000000000 -0.0000000000 
9 	 71016.3750000000 -183155.1093750000 -24347.8847656250 	 473.4408569336 -1221.0369873047 -162.3204345703 	 -0.0000000000 0.0000000000 -0.0000000000 
10 	 403134.1562500000 1144333.7500000000 138218.0625000000 	 2687.5664062500 7628.8916015625 921.4487915039 	 -0.0000000000 -0.0000000000 0.0000000000 
11 	 -2673121.5000000000 1160695.1250000000 -9357745.0000000000 	 -17820.7929687500 7737.9741210938 -62384.9687500000 	 -0.0000000000 -0.0000000000 -0.0000000000 
12 	 655905.5000000000 163138.2656250000 -1293381.5000000000 	 4372.7031250000 1087.5828857422 -8622.5429687500 	 -0.0000000000 -0.0000000000 0.0000000000 
13 	 108542.8203125000 -56267.5351562500 -13383.7021484375 	 723.6182861328 -375.1224060059 -89.2226943970 	 0.0000000000 0.0000000000 0.0000000000 
14 	 762182.5000000000 373811.0937500000 272576.1875000000 	 5081.2216796875 2492.0766601562 1817.1740722656 	 -0.0000000000 -0.0000000000 -0.0000000000 
15 	 165461.8125000000 -156912.0468750000 -101803.5234375000 	 1103.0806884766 -1046.0871582031 -678.6903076172 	 0.0000000000 0.0000000000 0.0000000000 
16 	 -10593.0673828125 -45095.9882812500 58423.4687500000 	 -70.6263732910 -300.6408081055 389.4925537109 	 0.0000000000 -0.0000000000 -0.0000000000 
17 	 358092.3437500000 535819.5000000000 139702.2343750000 	 2387.2766113281 3572.1276855469 931.3452148438 	 0.0000000000 0.0000000000 0.0000000000 
18 	 258535.8437500000 -752090.0000000000 764601.7500000000 	 1723.5736083984 -5013.9375000000 5097.3530273438 	 -0.0000000000 0.0000000000 -0.0000000000 
19 	 29830.9257812500 -6295.9311523438 11233.3750000000 	 198.8769836426 -41.9792785645 74.8942413330 	 -0.0000000000 0.0000000000 -0.0000000000 
20 	 174009.2968750000 -150345.9687500000 -99010.0468750000 	 1160.0576171875 -1002.3041992188 -660.0727539062 	 -0.0000000000 -0.0000000000 -0.0000000000 
21 	 -422478.0000000000 -738857.0000000000 -233225.6250000000 	 -2816.5241699219 -4925.7133789062 -1554.8338623047 	 0.0000000000 0.0000000000 0.0000000000 
22 	 8465.7070312500 -9166.4316406250 20857.4921875000 	 56.4341964722 -61.1086273193 139.0553741455 	 -0.0000000000 0.0000000000 -0.0000000000 
23 	 -3614.8876953125 -7965.6499023438 -5513.5053710938 	 -24.1028327942 -53.1103477478 -36.7633781433 	 -0.0000000000 0.0000000000 0.0000000000 
24 	 11997.1855468750 24500.0019531250 -3569.9172363281 	 79.9863052368 163.3367919922 -23.7958202362 	 0.0000000000 -0.0000000000 -0.0000000000 
25 	 452630.6250000000 -325815.3125000000 2010752.6250000000 	 3017.5336914062 -2172.1027832031 13405.0400390625 	 -0.0000000000 0.0000000000 -0.0000000000 
26 	 -15798.3427734375 -18505.0214843750 -97587.1875000000 	 -105.3180084229 -123.3676300049 -650.5854492188 	 0.0000000000 0.0000000000 0.0000000000 
27 	 59664.3242187500 4784.5893554688 8344.6289062500 	 397.7620849609 31.8974456787 55.6300735474 	 -0.0000000000 -0.0000000000 -0.0000000000 
28 	 76960.8906250000 -1172041.1250000000 960311.6250000000 	 513.0761108398 -7813.6098632812 6402.0644531250 	 0.0000000000 0.0000000000 -0.0000000000 
29 	 14320.7255859375 18153.2089843750 -16886.7539062500 	 95.4706649780 121.0268249512 -112.5835723877 	 -0.0000000000 0.0000000000 0.0000000000 
30 	 -76177.8593750000 34981.9882812500 422.2112426758 	 -507.8553771973 233.2088317871 2.8195996284 	 0.0000000000 0.0000000000 0.0000000000 
31 	 -4019.1926269531 388883.5937500000 -197363.2812500000 	 -26.7962074280 2592.5571289062 -1315.7543945312 	 -0.0000000000 -0.0000000000 -0.0000000000 
32 	 -511539264.0000000000 -302230496.0000000000 270697632.0000000000 	 -3410263.5000000000 -2014871.7500000000 1804650.7500000000 	 -0.0000000000 -0.0000000000 -0.0000000000 
33 	 -36417.5585937500 28196.0312500000 5158.2958984375 	 -242.7891998291 187.9794464111 34.3854827881 	 0.0000000000 -0.0000000000 -0.0000000000 
34 	 -2697126.7500000000 -1759176.5000000000 -1392474.3750000000 	 -17980.8730468750 -11727.8535156250 -9283.1757812500 	 0.0000000000 0.0000000000 0.0000000000 
35 	 -51971.7148437500 344394.3437500000 -232610.6562500000 	 -346.4729614258 2295.9589843750 -1550.7380371094 	 0.0000000000 0.0000000000 0.0000000000 
36 	 86391.9531250000 -5960.0576171875 -28576.0683593750 	 575.9486083984 -39.7398300171 -190.5025024414 	 -0.0000000000 0.0000000000 0.0000000000 
37 	 -252891.7500000000 729087.2500000000 -102574.1171875000 	 -1685.9423828125 4860.5805664062 -683.8294677734 	 0.0000000000 -0.0000000000 0.0000000000 
38 	 -121862.7031250000 101604.2734375000 39545.3242187500 	 -812.4194335938 677.3593750000 263.6345214844 	 -0.0000000000 0.0000000000 0.0000000000 
39 	 -37512.9296875000 -84216.0781250000 -57814.6210937500 	 -250.0873413086 -561.4367675781 -385.4335327148 	 0.0000000000 0.0000000000 0.0000000000 
40 	 -141090.6562500000 122696.2031250000 58863.7226562500 	 -940.6038208008 817.9700317383 392.4249267578 	 0.0000000000 -0.0000000000 -0.0000000000 
41 	 12265.5214843750 -799.2369995117 31880.8906250000 	 81.7686309814 -5.3287568092 212.5454406738 	 -0.0000000000 -0.0000000000 -0.0000000000 
42 	 -27752.0019531250 23685.7929687500 -42523.2695312500 	 -185.0195465088 157.9071960449 -283.4862670898 	 0.0000000000 -0.0000000000 0.0000000000 
43 	 -2122.6777343750 -5555.3496093750 4791.1328125000 	 -14.1545562744 -37.0324020386 31.9421844482 	 0.0000000000 -0.0000000000 0.0000000000 
44 	 20949.6113281250 22642.2695312500 39610.7695312500 	 139.6643218994 150.9528198242 264.0708007812 	 -0.0000000000 -0.0000000000 -0.0000000000 
45 	 -513624.9062500000 288241.2812500000 -569025.9375000000 	 -3424.1638183594 1921.6103515625 -3793.5078125000 	 0.0000000000 -0.0000000000 0.0000000000 
46 	 -347623.0000000000 -816141.8750000000 4910204.0000000000 	 -2317.4821777344 -5440.9443359375 32734.7167968750 	 -0.0000000000 -0.0000000000 -0.0000000000 
47 	 13808.0322265625 68651.8203125000 108471.6875000000 	 92.0572433472 457.6753234863 723.1411132812 	 -0.0000000000 -0.0000000000 -0.0000000000 
48 	 171892.9062500000 160654.4531250000 -16732.3085937500 	 1145.9472656250 1071.0289306641 -111.5484619141 	 -0.0000000000 -0.0000000000 -0.0000000000 
49 	 -822685.7500000000 306864.4062500000 -413341.1875000000 	 -5484.5659179688 2045.7661132812 -2755.6142578125 	 0.0000000000 -0.0000000000 -0.0000000000 
50 	 329190.0625000000 -784206.6250000000 140862.0468750000 	 2194.6074218750 -5228.0493164062 939.0783691406 	 -0.0000000000 0.0000000000 -0.0000000000 
51 	 479775.4375000000 721441.3125000000 253945.8281250000 	 3198.5039062500 4809.6123046875 1692.9744873047 	 -0.0000000000 -0.0000000000 -0.0000000000 
52 	 279602.0312500000 -19661.2050781250 190909.4687500000 	 1864.0118408203 -131.0694274902 1272.7301025391 	 -0.0000000000 -0.0000000000 -0.0000000000 
53 	 -373086.2812500000 -554711.1875000000 -136923.6093750000 	 -2487.2456054688 -3698.0771484375 -912.8280029297 	 -0.0000000000 -0.0000000000 -0.0000000000 
54 	 307433.0937500000 -57822.8476562500 41432.9492187500 	 2049.5561523438 -385.4830932617 276.2139892578 	 -0.0000000000 0.0000000000 0.0000000000 
55 	 -7989.9863281250 -8303.7216796875 3135.6547851562 	 -53.2729110718 -55.3623847961 20.9079227448 	 0.0000000000 0.0000000000 0.0000000000 
56 	 -715724.8125000000 -423609.4062500000 831212.7500000000 	 -4771.4946289062 -2824.0693359375 5541.4062500000 	 0.0000000000 0.0000000000 -0.0000000000 
57 	 71484.8750000000 17329.0917968750 -360768.3437500000 	 476.5636596680 115.5327911377 -2405.1225585938 	 -0.0000000000 -0.0000000000 0.0000000000 
58 	 10695.3632812500 -62328.3750000000 -47173.0195312500 	 71.3024749756 -415.5286254883 -314.4815673828 	 0.0000000000 0.0000000000 0.0000000000 
59 	 -30731.6777343750 -105483.0234375000 22187.2617187500 	 -204.8839111328 -703.2188720703 147.9195251465 	 0.0000000000 0.0000000000 -0.0000000000 
60 	 -406327.8125000000 330922.1250000000 21975.2382812500 	 -2708.8552246094 2206.1486816406 146.4989929199 	 0.0000000000 -0.0000000000 -0.0000000000 
61 	 34516.6328125000 5363.1508789062 -61352.8242187500 	 230.1134490967 35.7595214844 -409.0236511230 	 -0.0000000000 0.0000000000 0.0000000000 
62 	 1030482.3750000000 -400600.4687500000 256696.3281250000 	 6869.8867187500 -2670.6760253906 1711.3046875000 	 -0.0000000000 0.0000000000 0.0000000000 
63 	 256605.6562500000 493110.5312500000 -363467.8750000000 	 1710.7130126953 3287.4030761719 -2423.1213378906 	 -0.0000000000 -0.0000000000 0.0000000000 
64 	 -70447.0859375000 64424.6992187500 17212.5800781250 	 -469.6513671875 429.5033569336 114.7548828125 	 0.0000000000 -0.0000000000 -0.0000000000 
65 	 156898.3750000000 160411.8125000000 -76453.6718750000 	 1045.9857177734 1069.4184570312 -509.6969604492 	 0.0000000000 -0.0000000000 0.0000000000 
66 	 -78116.2500000000 164178.0625000000 86659.0000000000 	 -520.7811889648 1094.5220947266 577.7214355469 	 -0.0000000000 -0.0000000000 -0.0000000000 
67 	 2349376.0000000000 1826324.0000000000 1355592.0000000000 	 15662.5058593750 12175.4902343750 9037.2734375000 	 -0.0000000000 -0.0000000000 -0.0000000000 
68 	 2338116.5000000000 -26813340.0000000000 5608018.5000000000 	 15587.4531250000 -178755.4531250000 37386.8007812500 	 -0.0000000000 -0.0000000000 -0.0000000000 
69 	 -441655.7812500000 -74734.6562500000 -1765684.2500000000 	 -2944.3703613281 -498.2326354980 -11771.2099609375 	 0.0000000000 -0.0000000000 0.0000000000 
70 	 511504224.0000000000 302183712.0000000000 -270567968.0000000000 	 3410031.5000000000 2014558.0000000000 -1803785.6250000000 	 -0.0000000000 -0.0000000000 -0.0000000000 
71 	 -2291036.2500000000 27179952.0000000000 -5486834.5000000000 	 -15273.5761718750 181199.5937500000 -36578.9062500000 	 -0.0000000000 -0.0000000000 -0.0000000000 
72 	 843129.5000000000 -182502.2656250000 379242.0000000000 	 5620.8642578125 -1216.6748046875 2528.2792968750 	 0.0000000000 -0.0000000000 -0.0000000000 
73 	 55641.8125000000 142364.7968750000 44064.2773437500 	 370.9480895996 949.1038818359 293.7628784180 	 -0.0000000000 -0.0000000000 -0.0000000000 
74 	 37580.3281250000 -383001.5625000000 254301.3125000000 	 250.5406188965 -2553.3483886719 1695.3409423828 	 -0.0000000000 0.0000000000 -0.0000000000 
75 	 -44829.0703125000 -33729.3046875000 12863.1552734375 	 -298.8576660156 -224.8636474609 85.7528305054 	 0.0000000000 0.0000000000 -0.0000000000 
76 	 327.5713806152 -6202.7158203125 9565.9716796875 	 2.1870551109 -41.3525161743 63.7789611816 	 -0.0000000000 0.0000000000 -0.0000000000 
77 	 8782.0673828125 -21458.8632812500 13066.8955078125 	 58.5523300171 -143.0581054688 87.1163330078 	 -0.0000000000 0.0000000000 0.0000000000 
78 	 50537.7695312500 -85588.4296875000 -43917.5195312500 	 336.9243469238 -570.5952758789 -292.7883300781 	 -0.0000000000 0.0000000000 0.0000000000 
79 	 -195825.7812500000 -175213.9531250000 -67380.2265625000 	 -1305.5126953125 -1168.0936279297 -449.2017822266 	 0.0000000000 0.0000000000 -0.0000000000 
80 	 -19820.9804687500 12323.3261718750 -26825.3867187500 	 -132.1364898682 82.1575927734 -178.8392944336 	 -0.0000000000 0.0000000000 -0.0000000000 
81 	 22257.8925781250 -27815.7480468750 43272.5351562500 	 148.3918304443 -185.4430694580 288.4856567383 	 -0.0000000000 0.0000000000 -0.0000000000 
82 	 -26144.9140625000 29811.6640625000 -17300.6210937500 	 -174.3055725098 198.7481689453 -115.3368682861 	 0.0000000000 -0.0000000000 -0.0000000000 
83 	 -42031.0820312500 31175.7675781250 45449.7148437500 	 -280.2091369629 207.8381652832 302.9979248047 	 0.0000000000 -0.0000000000 -0.0000000000 
84 	 371113.9062500000 831156.5625000000 -4883070.0000000000 	 2474.0976562500 5541.0429687500 -32553.7968750000 	 -0.0000000000 -0.0000000000 -0.0000000000 
85 	 -54011.5234375000 9005.9619140625 161800.1093750000 	 -360.0777587891 60.0342102051 1078.6734619141 	 0.0000000000 -0.0000000000 -0.0000000000 
86 	 84937.1953125000 38631.5312500000 -48850.1445312500 	 566.2520751953 257.5479431152 -325.6688842773 	 -0.0000000000 -0.0000000000 0.0000000000 
87 	 14836.3632812500 -53870.3437500000 44799.5039062500 	 98.9121704102 -359.1323852539 298.6698913574 	 -0.0000000000 0.0000000000 0.0000000000 
88 	 -303085.4375000000 57369.9726562500 -84777.6718750000 	 -2020.5688476562 382.4688720703 -565.1903076172 	 0.0000000000 -0.0000000000 0.0000000000 
89 	 -545497.0625000000 -581622.6250000000 -434128.3437500000 	 -3636.6455078125 -3877.4809570312 -2894.1926269531 	 0.0000000000 -0.0000000000 0.0000000000 
90 	 125787.4375000000 -30875.0703125000 14483.4453125000 	 838.5793457031 -205.8341369629 96.5515289307 	 -0.0000000000 -0.0000000000 -0.0000000000 
91 	 -15026526.0000000000 -21085798.0000000000 8533763.0000000000 	 -100176.9375000000 -140571.9531250000 56891.8046875000 	 -0.0000000000 -0.0000000000 -0.0000000000 
92 	 -104606.8125000000 -164861.9062500000 -138788.3750000000 	 -697.3842163086 -1099.0800781250 -925.2623291016 	 0.0000000000 0.0000000000 0.0000000000 
93 	 -9207.8447265625 438909.6875000000 -36407.9921875000 	 -61.3844909668 2926.0717773438 -242.7192535400 	 -0.0000000000 -0.0000000000 -0.0000000000 
94 	 2637800.2500000000 -1051619.3750000000 9441532.0000000000 	 17585.3203125000 -7010.7949218750 62943.5078125000 	 -0.0000000000 -0.0000000000 -0.0000000000 
95 	 -390522.1250000000 70456.1796875000 -827938.3750000000 	 -2603.4782714844 469.7034912109 -5519.5996093750 	 -0.0000000000 0.0000000000 0.0000000000 
96 	 -159011.0156250000 233119.3750000000 -70159.5937500000 	 -1060.0711669922 1554.1342773438 -467.7257690430 	 0.0000000000 -0.0000000000 0.0000000000 
97 	 24914.1914062500 7974.1704101562 3591.2353515625 	 166.1011657715 53.1635398865 23.9425487518 	 -0.0000000000 -0.0000000000 0.0000000000 
98 	 -146280.7656250000 -443427.2500000000 378625.7812500000 	 -975.1999511719 -2956.1828613281 2524.1716308594 	 0.0000000000 0.0000000000 -0.0000000000 
99 	 13595.0888671875 6493.5483398438 13009.3964843750 	 90.6404037476 43.2947273254 86.7353744507 	 0.0000000000 -0.0000000000 -0.0000000000 
