0 	 -103619.8437500000 814918.1250000000 1558367.8750000000 	 -697.7697753906 5487.6645507812 10494.0498046875 	 0.0000000000 -0.0000000000 -0.0000000000 
1 	 8986.8955078125 50945.7343750000 84930.9531250000 	 60.5187988281 343.0726928711 571.9291992188 	 0.0000000000 0.0000000000 0.0000000000 
2 	 -121210.4921875000 32214.0117187500 1122.8599853516 	 -816.2335205078 216.9244689941 7.5640230179 	 0.0000000000 0.0000000000 0.0000000000 
3 	 232570.1718750000 -715345.5625000000 -1631285.1250000000 	 1566.1359863281 -4817.1435546875 -10985.0957031250 	 -0.0000000000 0.0000000000 0.0000000000 
4 	 165615.9375000000 -121869.0000000000 104762.8828125000 	 1115.2619628906 -820.6622314453 705.4795532227 	 -0.0000000000 0.0000000000 -0.0000000000 
5 	 -415156.9375000000 113450.0546875000 209588.9218750000 	 -2795.6767578125 763.9786987305 1411.3723144531 	 0.0000000000 -0.0000000000 -0.0000000000 
6 	 -1197343.0000000000 108770.6093750000 -465148.2500000000 	 -8062.9169921875 732.4594726562 -3132.3203125000 	 0.0000000000 0.0000000000 0.0000000000 
7 	 -51133.1718750000 2318.2045898438 104292.0937500000 	 -344.3270263672 15.6114120483 702.3039550781 	 0.0000000000 0.0000000000 -0.0000000000 
8 	 15266792.0000000000 20559650.0000000000 -8539254.0000000000 	 102806.7500000000 138448.8125000000 -57503.4257812500 	 -0.0000000000 -0.0000000000 -0.0000000000 
9 	 70306.2109375000 -181323.5468750000 -24104.4042968750 	 473.4408569336 -1221.0369873047 -162.3204345703 	 -0.0000000000 0.0000000000 -0.0000000000 
10 	 399102.8125000000 1132890.3750000000 136835.8906250000 	 2687.5664062500 7628.8916015625 921.4489746094 	 -0.0000000000 -0.0000000000 0.0000000000 
11 	 -2646390.2500000000 1149088.1250000000 -9264168.0000000000 	 -17820.7929687500 7737.9741210938 -62384.9687500000 	 -0.0000000000 -0.0000000000 -0.0000000000 
12 	 649346.4375000000 161506.8906250000 -1280447.6250000000 	 4372.7031250000 1087.5827636719 -8622.5429687500 	 -0.0000000000 -0.0000000000 0.0000000000 
13 	 107457.3906250000 -55704.8515625000 -13249.8671875000 	 723.6182861328 -375.1224060059 -89.2226486206 	 0.0000000000 0.0000000000 0.0000000000 
14 	 754560.6875000000 370072.9687500000 269850.4375000000 	 5081.2216796875 2492.0766601562 1817.1740722656 	 -0.0000000000 -0.0000000000 -0.0000000000 
15 	 163807.1875000000 -155342.9218750000 -100785.4843750000 	 1103.0806884766 -1046.0871582031 -678.6903076172 	 0.0000000000 0.0000000000 0.0000000000 
16 	 -10487.1279296875 -44645.0273437500 57839.2304687500 	 -70.6263732910 -300.6408081055 389.4926147461 	 0.0000000000 -0.0000000000 -0.0000000000 
17 	 354511.4375000000 530461.3125000000 138305.2187500000 	 2387.2766113281 3572.1276855469 931.3452148438 	 0.0000000000 0.0000000000 0.0000000000 
18 	 255950.4843750000 -744569.1250000000 756955.7500000000 	 1723.5736083984 -5013.9375000000 5097.3530273438 	 -0.0000000000 0.0000000000 -0.0000000000 
19 	 29532.6093750000 -6232.9624023438 11121.0332031250 	 198.8769531250 -41.9792709351 74.8942337036 	 -0.0000000000 0.0000000000 -0.0000000000 
20 	 172269.2031250000 -148842.5156250000 -98019.9375000000 	 1160.0576171875 -1002.3041992188 -660.0728759766 	 -0.0000000000 -0.0000000000 -0.0000000000 
21 	 -418253.2187500000 -731468.3750000000 -230893.3750000000 	 -2816.5241699219 -4925.7128906250 -1554.8338623047 	 0.0000000000 0.0000000000 0.0000000000 
22 	 8381.0556640625 -9074.7685546875 20648.9082031250 	 56.4341926575 -61.1086273193 139.0553741455 	 -0.0000000000 0.0000000000 -0.0000000000 
23 	 -3578.7333984375 -7885.9843750000 -5458.3603515625 	 -24.1028327942 -53.1103477478 -36.7633819580 	 -0.0000000000 0.0000000000 0.0000000000 
24 	 11877.2050781250 24254.9960937500 -3534.2131347656 	 79.9862823486 163.3367919922 -23.7958106995 	 0.0000000000 -0.0000000000 -0.0000000000 
25 	 448104.3125000000 -322557.1562500000 1990645.1250000000 	 3017.5336914062 -2172.1027832031 13405.0400390625 	 -0.0000000000 0.0000000000 -0.0000000000 
26 	 -15640.3662109375 -18319.9707031250 -96611.3125000000 	 -105.3180313110 -123.3676528931 -650.5854492188 	 0.0000000000 0.0000000000 0.0000000000 
27 	 59067.6796875000 4736.7431640625 8261.1835937500 	 397.7621154785 31.8974494934 55.6300506592 	 -0.0000000000 -0.0000000000 -0.0000000000 
28 	 76191.2734375000 -1160320.7500000000 950708.5000000000 	 513.0761108398 -7813.6098632812 6402.0644531250 	 0.0000000000 0.0000000000 -0.0000000000 
29 	 14177.5185546875 17971.6679687500 -16717.8789062500 	 95.4706420898 121.0268249512 -112.5835723877 	 -0.0000000000 0.0000000000 0.0000000000 
30 	 -75416.0781250000 34632.1757812500 417.9818420410 	 -507.8553771973 233.2088317871 2.8195991516 	 0.0000000000 0.0000000000 0.0000000000 
31 	 -3978.9982910156 384994.7500000000 -195389.6562500000 	 -26.7962074280 2592.5571289062 -1315.7543945312 	 -0.0000000000 -0.0000000000 -0.0000000000 
32 	 -506423968.0000000000 -299208384.0000000000 267990640.0000000000 	 -3410264.2500000000 -2014872.2500000000 1804651.1250000000 	 -0.0000000000 -0.0000000000 -0.0000000000 
33 	 -36053.3750000000 27914.0625000000 5106.7167968750 	 -242.7891845703 187.9794311523 34.3854751587 	 0.0000000000 -0.0000000000 -0.0000000000 
34 	 -2670155.5000000000 -1741584.7500000000 -1378549.6250000000 	 -17980.8730468750 -11727.8535156250 -9283.1757812500 	 0.0000000000 0.0000000000 0.0000000000 
35 	 -51452.0195312500 340950.4062500000 -230284.5468750000 	 -346.4729919434 2295.9589843750 -1550.7380371094 	 0.0000000000 0.0000000000 0.0000000000 
36 	 85528.0312500000 -5900.4477539062 -28290.3144531250 	 575.9486083984 -39.7398300171 -190.5025024414 	 -0.0000000000 0.0000000000 0.0000000000 
37 	 -250362.8437500000 721796.3750000000 -101548.3750000000 	 -1685.9423828125 4860.5805664062 -683.8295898438 	 0.0000000000 -0.0000000000 0.0000000000 
38 	 -120644.0703125000 100588.2265625000 39149.8710937500 	 -812.4194335938 677.3593139648 263.6345214844 	 -0.0000000000 0.0000000000 0.0000000000 
39 	 -37137.7460937500 -83373.9218750000 -57236.4687500000 	 -250.0871276855 -561.4366455078 -385.4334106445 	 0.0000000000 0.0000000000 0.0000000000 
40 	 -139679.7500000000 121469.2500000000 58275.0859375000 	 -940.6038208008 817.9700317383 392.4249267578 	 0.0000000000 -0.0000000000 -0.0000000000 
41 	 12142.8681640625 -791.2438354492 31562.0722656250 	 81.7686309814 -5.3287568092 212.5454406738 	 -0.0000000000 -0.0000000000 -0.0000000000 
42 	 -27474.4726562500 23448.9316406250 -42098.0390625000 	 -185.0195617676 157.9071960449 -283.4862670898 	 0.0000000000 -0.0000000000 0.0000000000 
43 	 -2101.4475097656 -5499.8002929688 4743.2207031250 	 -14.1545619965 -37.0323982239 31.9422035217 	 0.0000000000 -0.0000000000 0.0000000000 
44 	 20740.1015625000 22415.7910156250 39214.6601562500 	 139.6641845703 150.9526214600 264.0707397461 	 -0.0000000000 -0.0000000000 -0.0000000000 
45 	 -508488.6562500000 285358.9375000000 -563335.6875000000 	 -3424.1638183594 1921.6108398438 -3793.5080566406 	 0.0000000000 -0.0000000000 0.0000000000 
46 	 -344146.7812500000 -807980.4375000000 4861102.0000000000 	 -2317.4821777344 -5440.9443359375 32734.7167968750 	 -0.0000000000 -0.0000000000 -0.0000000000 
47 	 13669.9423828125 67965.2968750000 107386.9765625000 	 92.0571975708 457.6752319336 723.1409912109 	 -0.0000000000 -0.0000000000 -0.0000000000 
48 	 170173.9843750000 159047.9218750000 -16564.9863281250 	 1145.9476318359 1071.0290527344 -111.5484466553 	 -0.0000000000 -0.0000000000 -0.0000000000 
49 	 -814458.8125000000 303795.7500000000 -409207.7500000000 	 -5484.5639648438 2045.7656250000 -2755.6132812500 	 0.0000000000 -0.0000000000 -0.0000000000 
50 	 325898.1562500000 -776364.5625000000 139453.4218750000 	 2194.6074218750 -5228.0493164062 939.0783691406 	 -0.0000000000 0.0000000000 -0.0000000000 
51 	 474977.6875000000 714226.8750000000 251406.3593750000 	 3198.5039062500 4809.6123046875 1692.9744873047 	 -0.0000000000 -0.0000000000 -0.0000000000 
52 	 276806.0000000000 -19464.5996093750 189000.3750000000 	 1864.0118408203 -131.0694122314 1272.7301025391 	 -0.0000000000 -0.0000000000 -0.0000000000 
53 	 -369355.4062500000 -549164.0625000000 -135554.3750000000 	 -2487.2456054688 -3698.0771484375 -912.8280029297 	 -0.0000000000 -0.0000000000 -0.0000000000 
54 	 304358.7812500000 -57244.6250000000 41018.6367187500 	 2049.5566406250 -385.4832153320 276.2141113281 	 -0.0000000000 0.0000000000 0.0000000000 
55 	 -7910.0771484375 -8220.6777343750 3104.2929687500 	 -53.2729110718 -55.3623847961 20.9079227448 	 0.0000000000 0.0000000000 0.0000000000 
56 	 -708567.8750000000 -419373.2812500000 822899.6250000000 	 -4771.4951171875 -2824.0688476562 5541.4052734375 	 0.0000000000 0.0000000000 -0.0000000000 
57 	 70770.2109375000 17155.7792968750 -357160.6875000000 	 476.5638427734 115.5327148438 -2405.1230468750 	 -0.0000000000 -0.0000000000 0.0000000000 
58 	 10588.4091796875 -61705.0820312500 -46701.2968750000 	 71.3024749756 -415.5286254883 -314.4815673828 	 0.0000000000 0.0000000000 0.0000000000 
59 	 -30424.3515625000 -104428.1953125000 21965.3828125000 	 -204.8839111328 -703.2188720703 147.9195251465 	 0.0000000000 0.0000000000 -0.0000000000 
60 	 -402264.5312500000 327612.7500000000 21755.4902343750 	 -2708.8552246094 2206.1484375000 146.4989624023 	 0.0000000000 -0.0000000000 -0.0000000000 
61 	 34171.4609375000 5309.5117187500 -60739.2890625000 	 230.1134948730 35.7595214844 -409.0236511230 	 -0.0000000000 0.0000000000 0.0000000000 
62 	 1020177.5625000000 -396594.4687500000 254129.3750000000 	 6869.8867187500 -2670.6760253906 1711.3046875000 	 -0.0000000000 0.0000000000 0.0000000000 
63 	 254039.5937500000 488179.4375000000 -359833.1875000000 	 1710.7130126953 3287.4033203125 -2423.1213378906 	 -0.0000000000 -0.0000000000 0.0000000000 
64 	 -69742.6093750000 63780.4453125000 17040.4003906250 	 -469.6513671875 429.5032958984 114.7548675537 	 0.0000000000 -0.0000000000 -0.0000000000 
65 	 155329.3906250000 158807.6875000000 -75689.1250000000 	 1045.9858398438 1069.4184570312 -509.6969604492 	 0.0000000000 -0.0000000000 0.0000000000 
66 	 -77335.0781250000 162536.3593750000 85792.4140625000 	 -520.7812500000 1094.5222167969 577.7214355469 	 -0.0000000000 -0.0000000000 -0.0000000000 
67 	 2325882.2500000000 1808060.7500000000 1342036.1250000000 	 15662.5058593750 12175.4902343750 9037.2734375000 	 -0.0000000000 -0.0000000000 -0.0000000000 
68 	 2314735.2500000000 -26545206.0000000000 5551938.5000000000 	 15587.4531250000 -178755.4531250000 37386.8007812500 	 -0.0000000000 -0.0000000000 -0.0000000000 
69 	 -437239.2187500000 -73987.3046875000 -1748027.3750000000 	 -2944.3703613281 -498.2326354980 -11771.2099609375 	 0.0000000000 -0.0000000000 0.0000000000 
70 	 506389184.0000000000 299161920.0000000000 -267862304.0000000000 	 3410032.0000000000 2014558.2500000000 -1803786.0000000000 	 -0.0000000000 -0.0000000000 -0.0000000000 
71 	 -2268126.0000000000 26908152.0000000000 -5431966.0000000000 	 -15273.5761718750 181199.5937500000 -36578.9062500000 	 -0.0000000000 -0.0000000000 -0.0000000000 
72 	 834698.1250000000 -180676.9687500000 375449.4375000000 	 5620.8623046875 -1216.6743164062 2528.2783203125 	 0.0000000000 -0.0000000000 -0.0000000000 
73 	 55085.3906250000 140941.1406250000 43623.6328125000 	 370.9481811523 949.1040039062 293.7628784180 	 -0.0000000000 -0.0000000000 -0.0000000000 
74 	 37204.5156250000 -379171.5312500000 251758.2968750000 	 250.5405883789 -2553.3483886719 1695.3409423828 	 -0.0000000000 0.0000000000 -0.0000000000 
75 	 -44380.7812500000 -33392.0078125000 12734.5263671875 	 -298.8576049805 -224.8636474609 85.7528305054 	 0.0000000000 0.0000000000 -0.0000000000 
76 	 324.2908630371 -6140.6870117188 9470.3037109375 	 2.1870572567 -41.3525161743 63.7789611816 	 -0.0000000000 0.0000000000 -0.0000000000 
77 	 8694.2392578125 -21244.2753906250 12936.2207031250 	 58.5523300171 -143.0581054688 87.1163330078 	 -0.0000000000 0.0000000000 0.0000000000 
78 	 50032.3828125000 -84732.5390625000 -43478.3281250000 	 336.9243774414 -570.5952148438 -292.7882385254 	 -0.0000000000 0.0000000000 0.0000000000 
79 	 -193867.5156250000 -173461.8281250000 -66706.4218750000 	 -1305.5129394531 -1168.0937500000 -449.2017822266 	 0.0000000000 0.0000000000 -0.0000000000 
80 	 -19622.7714843750 12200.0888671875 -26557.1269531250 	 -132.1364288330 82.1575546265 -178.8392791748 	 -0.0000000000 0.0000000000 -0.0000000000 
81 	 22035.3066406250 -27537.5839843750 42839.9023437500 	 148.3918457031 -185.4430541992 288.4857177734 	 -0.0000000000 0.0000000000 -0.0000000000 
82 	 -25883.4550781250 29513.5410156250 -17127.6152343750 	 -174.3055725098 198.7481689453 -115.3368682861 	 0.0000000000 -0.0000000000 -0.0000000000 
83 	 -41610.7734375000 30864.0097656250 44995.2187500000 	 -280.2091979980 207.8381652832 302.9979858398 	 0.0000000000 -0.0000000000 -0.0000000000 
84 	 367402.7500000000 822845.0000000000 -4834239.5000000000 	 2474.0976562500 5541.0429687500 -32553.7968750000 	 -0.0000000000 -0.0000000000 -0.0000000000 
85 	 -53471.4062500000 8915.9101562500 160182.0937500000 	 -360.0777587891 60.0342102051 1078.6734619141 	 0.0000000000 -0.0000000000 -0.0000000000 
86 	 84087.8203125000 38245.2070312500 -48361.6367187500 	 566.2520141602 257.5479125977 -325.6688537598 	 -0.0000000000 -0.0000000000 0.0000000000 
87 	 14687.9951171875 -53331.6445312500 44351.5000000000 	 98.9121704102 -359.1323852539 298.6698913574 	 -0.0000000000 0.0000000000 0.0000000000 
88 	 -300054.6250000000 56796.2734375000 -83929.8828125000 	 -2020.5693359375 382.4689636230 -565.1904296875 	 0.0000000000 -0.0000000000 0.0000000000 
89 	 -540042.1250000000 -575806.3750000000 -429787.0625000000 	 -3636.6455078125 -3877.4809570312 -2894.1926269531 	 0.0000000000 -0.0000000000 0.0000000000 
90 	 124529.6718750000 -30566.3242187500 14338.6191406250 	 838.5794677734 -205.8341979980 96.5515441895 	 -0.0000000000 -0.0000000000 -0.0000000000 
91 	 -14876261.0000000000 -20874940.0000000000 8448425.0000000000 	 -100176.9375000000 -140571.9531250000 56891.8046875000 	 -0.0000000000 -0.0000000000 -0.0000000000 
92 	 -103560.7343750000 -163213.2812500000 -137400.4843750000 	 -697.3842163086 -1099.0800781250 -925.2623291016 	 0.0000000000 0.0000000000 0.0000000000 
93 	 -9115.7763671875 434520.5937500000 -36043.9140625000 	 -61.3845863342 2926.0717773438 -242.7192535400 	 -0.0000000000 -0.0000000000 -0.0000000000 
94 	 2611422.2500000000 -1041103.1250000000 9347117.0000000000 	 17585.3203125000 -7010.7949218750 62943.5078125000 	 -0.0000000000 -0.0000000000 -0.0000000000 
95 	 -386616.9062500000 69751.6093750000 -819658.7500000000 	 -2603.4782714844 469.7032470703 -5519.5986328125 	 -0.0000000000 0.0000000000 0.0000000000 
96 	 -157420.9062500000 230788.1718750000 -69458.0078125000 	 -1060.0711669922 1554.1342773438 -467.7257690430 	 0.0000000000 -0.0000000000 0.0000000000 
97 	 24665.0390625000 7894.4238281250 3555.3210449219 	 166.1011657715 53.1635284424 23.9425373077 	 -0.0000000000 -0.0000000000 0.0000000000 
98 	 -144817.9687500000 -438992.9687500000 374839.5312500000 	 -975.1999511719 -2956.1828613281 2524.1716308594 	 0.0000000000 0.0000000000 -0.0000000000 
99 	 13459.1279296875 6428.6059570312 12879.2929687500 	 90.6404113770 43.2947235107 86.7353744507 	 0.0000000000 -0.0000000000 -0.0000000000 
